1500 30.9432
1499 30.9318
1498 30.9210
1497 30.9110
1496 30.9017
1495 30.8931
1494 30.8852
1493 30.8780
1492 30.8716
1491 30.8660
1490 30.8611
1489 30.8570
1488 30.8535
1487 30.8508
1486 30.8487
1485 30.8471
1484 30.8462
1483 30.8457
1482 30.8458
1481 30.8462
1480 30.8471
1479 30.8483
1478 30.8499
1477 30.8517
1476 30.8538
1475 30.8562
1474 30.8586
1473 30.8613
1472 30.8640
1471 30.8668
1470 30.8696
1469 30.8724
1468 30.8752
1467 30.8779
1466 30.8805
1465 30.8830
1464 30.8853
1463 30.8875
1462 30.8894
1461 30.8911
1460 30.8924
1459 30.8935
1458 30.8942
1457 30.8945
1456 30.8944
1455 30.8939
1454 30.8929
1453 30.8914
1452 30.8896
1451 30.8874
1450 30.8849
1449 30.8821
1448 30.8791
1447 30.8759
1446 30.8726
1445 30.8692
1444 30.8658
1443 30.8624
1442 30.8590
1441 30.8556
1440 30.8525
1439 30.8494
1438 30.8466
1437 30.8441
1436 30.8418
1435 30.8398
1434 30.8382
1433 30.8368
1432 30.8358
1431 30.8352
1430 30.8349
1429 30.8349
1428 30.8354
1427 30.8363
1426 30.8377
1425 30.8394
1424 30.8417
1423 30.8444
1422 30.8475
1421 30.8512
1420 30.8555
1419 30.8602
1418 30.8655
1417 30.8714
1416 30.8779
1415 30.8850
1414 30.8927
1413 30.9012
1412 30.9102
1411 30.9200
1410 30.9306
1409 30.9418
1408 30.9539
1407 30.9667
1406 30.9804
1405 30.9948
1404 31.0101
1403 31.0262
1402 31.0427
1401 31.0596
1400 31.0763
1399 31.0929
1398 31.1089
1397 31.1241
1396 31.1384
1395 31.1513
1394 31.1627
1393 31.1723
1392 31.1799
1391 31.1852
1390 31.1879
1389 31.1878
1388 31.1847
1387 31.1783
1386 31.1691
1385 31.1571
1384 31.1429
1383 31.1266
1382 31.1086
1381 31.0892
1380 31.0688
1379 31.0475
1378 31.0258
1377 31.0039
1376 30.9821
1375 30.9608
1374 30.9403
1373 30.9209
1372 30.9029
1371 30.8863
1370 30.8712
1369 30.8574
1368 30.8449
1367 30.8335
1366 30.8231
1365 30.8138
1364 30.8053
1363 30.7976
1362 30.7906
1361 30.7842
1360 30.7783
1359 30.7729
1358 30.7677
1357 30.7628
1356 30.7581
1355 30.7536
1354 30.7492
1353 30.7449
1352 30.7409
1351 30.7372
1350 30.7336
1349 30.7303
1348 30.7273
1347 30.7246
1346 30.7221
1345 30.7201
1344 30.7183
1343 30.7169
1342 30.7159
1341 30.7152
1340 30.7149
1339 30.7149
1338 30.7151
1337 30.7155
1336 30.7160
1335 30.7165
1334 30.7171
1333 30.7176
1332 30.7180
1331 30.7182
1330 30.7182
1329 30.7179
1328 30.7174
1327 30.7164
1326 30.7150
1325 30.7132
1324 30.7111
1323 30.7088
1322 30.7063
1321 30.7037
1320 30.7011
1319 30.6984
1318 30.6958
1317 30.6933
1316 30.6910
1315 30.6889
1314 30.6872
1313 30.6858
1312 30.6848
1311 30.6842
1310 30.6837
1309 30.6834
1308 30.6831
1307 30.6827
1306 30.6821
1305 30.6812
1304 30.6799
1303 30.6781
1302 30.6757
1301 30.6725
1300 30.6685
1299 30.6636
1298 30.6577
1297 30.6508
1296 30.6430
1295 30.6343
1294 30.6248
1293 30.6145
1292 30.6035
1291 30.5919
1290 30.5797
1289 30.5670
1288 30.5538
1287 30.5402
1286 30.5263
1285 30.5120
1284 30.4976
1283 30.4831
1282 30.4687
1281 30.4548
1280 30.4414
1279 30.4289
1278 30.4174
1277 30.4072
1276 30.3984
1275 30.3914
1274 30.3863
1273 30.3833
1272 30.3827
1271 30.3847
1270 30.3892
1269 30.3959
1268 30.4046
1267 30.4149
1266 30.4265
1265 30.4390
1264 30.4522
1263 30.4657
1262 30.4792
1261 30.4924
1260 30.5049
1259 30.5164
1258 30.5267
1257 30.5354
1256 30.5425
1255 30.5482
1254 30.5524
1253 30.5551
1252 30.5565
1251 30.5565
1250 30.5553
1249 30.5528
1248 30.5491
1247 30.5442
1246 30.5383
1245 30.5313
1244 30.5232
1243 30.5143
1242 30.5045
1241 30.4939
1240 30.4828
1239 30.4712
1238 30.4591
1237 30.4468
1236 30.4342
1235 30.4216
1234 30.4089
1233 30.3964
1232 30.3841
1231 30.3722
1230 30.3606
1229 30.3496
1228 30.3391
1227 30.3292
1226 30.3201
1225 30.3118
1224 30.3045
1223 30.2980
1222 30.2927
1221 30.2884
1220 30.2854
1219 30.2837
1218 30.2833
1217 30.2840
1216 30.2857
1215 30.2884
1214 30.2917
1213 30.2957
1212 30.3001
1211 30.3049
1210 30.3100
1209 30.3150
1208 30.3201
1207 30.3249
1206 30.3294
1205 30.3335
1204 30.3368
1203 30.3393
1202 30.3408
1201 30.3410
1200 30.3398
1199 30.3371
1198 30.3326
1197 30.3262
1196 30.3176
1195 30.3068
1194 30.2936
1193 30.2784
1192 30.2617
1191 30.2440
1190 30.2258
1189 30.2075
1188 30.1897
1187 30.1728
1186 30.1574
1185 30.1439
1184 30.1328
1183 30.1247
1182 30.1197
1181 30.1177
1180 30.1184
1179 30.1214
1178 30.1264
1177 30.1332
1176 30.1414
1175 30.1507
1174 30.1608
1173 30.1714
1172 30.1821
1171 30.1927
1170 30.2029
1169 30.2127
1168 30.2219
1167 30.2305
1166 30.2385
1165 30.2458
1164 30.2523
1163 30.2579
1162 30.2626
1161 30.2663
1160 30.2690
1159 30.2707
1158 30.2715
1157 30.2718
1156 30.2719
1155 30.2718
1154 30.2720
1153 30.2727
1152 30.2740
1151 30.2764
1150 30.2799
1149 30.2849
1148 30.2915
1147 30.2994
1146 30.3081
1145 30.3173
1144 30.3267
1143 30.3358
1142 30.3443
1141 30.3518
1140 30.3579
1139 30.3623
1138 30.3645
1137 30.3644
1136 30.3621
1135 30.3578
1134 30.3517
1133 30.3442
1132 30.3353
1131 30.3254
1130 30.3148
1129 30.3036
1128 30.2921
1127 30.2805
1126 30.2690
1125 30.2579
1124 30.2473
1123 30.2374
1122 30.2283
1121 30.2202
1120 30.2133
1119 30.2077
1118 30.2036
1117 30.2011
1116 30.2005
1115 30.2016
1114 30.2040
1113 30.2076
1112 30.2119
1111 30.2167
1110 30.2217
1109 30.2267
1108 30.2312
1107 30.2349
1106 30.2377
1105 30.2394
1104 30.2402
1103 30.2403
1102 30.2399
1101 30.2393
1100 30.2386
1099 30.2380
1098 30.2379
1097 30.2384
1096 30.2396
1095 30.2419
1094 30.2450
1093 30.2489
1092 30.2535
1091 30.2586
1090 30.2641
1089 30.2699
1088 30.2758
1087 30.2818
1086 30.2878
1085 30.2935
1084 30.2992
1083 30.3049
1082 30.3110
1081 30.3176
1080 30.3250
1079 30.3332
1078 30.3426
1077 30.3533
1076 30.3654
1075 30.3791
1074 30.3938
1073 30.4088
1072 30.4237
1071 30.4378
1070 30.4505
1069 30.4613
1068 30.4695
1067 30.4747
1066 30.4762
1065 30.4745
1064 30.4703
1063 30.4646
1062 30.4582
1061 30.4519
1060 30.4466
1059 30.4432
1058 30.4425
1057 30.4455
1056 30.4524
1055 30.4629
1054 30.4762
1053 30.4915
1052 30.5082
1051 30.5256
1050 30.5428
1049 30.5592
1048 30.5742
1047 30.5869
1046 30.5973
1045 30.6056
1044 30.6123
1043 30.6177
1042 30.6219
1041 30.6255
1040 30.6286
1039 30.6317
1038 30.6350
1037 30.6387
1036 30.6426
1035 30.6464
1034 30.6498
1033 30.6524
1032 30.6539
1031 30.6540
1030 30.6524
1029 30.6488
1028 30.6430
1027 30.6351
1026 30.6254
1025 30.6139
1024 30.6009
1023 30.5864
1022 30.5708
1021 30.5540
1020 30.5364
1019 30.5181
1018 30.4995
1017 30.4810
1016 30.4629
1015 30.4456
1014 30.4295
1013 30.4150
1012 30.4023
1011 30.3917
1010 30.3825
1009 30.3735
1008 30.3633
1007 30.3510
1006 30.3353
1005 30.3149
1004 30.2887
1003 30.2555
1002 30.2149
1001 30.1690
1000 30.1205
999 30.0720
998 30.0263
997 29.9860
996 29.9538
995 29.9324
994 29.9244
993 29.9305
992 29.9478
991 29.9732
990 30.0034
989 30.0354
988 30.0660
987 30.0920
986 30.1103
985 30.1197
984 30.1220
983 30.1193
982 30.1135
981 30.1069
980 30.1013
979 30.0989
978 30.1017
977 30.1107
976 30.1255
975 30.1456
974 30.1706
973 30.2000
972 30.2333
971 30.2699
970 30.3095
969 30.3511
968 30.3934
967 30.4350
966 30.4747
965 30.5109
964 30.5423
963 30.5676
962 30.5854
961 30.5954
960 30.5986
959 30.5958
958 30.5881
957 30.5765
956 30.5619
955 30.5453
954 30.5276
953 30.5099
952 30.4931
951 30.4781
950 30.4659
949 30.4574
948 30.4537
947 30.4555
946 30.4809
945 30.5144
944 30.5574
943 30.6056
942 30.6547
941 30.7008
940 30.7418
939 30.7767
938 30.8046
937 30.8244
936 30.8353
935 30.8362
934 30.8263
933 30.8078
932 30.7856
931 30.7645
930 30.7495
929 30.7455
928 30.7575
927 30.7902
926 30.8447
925 30.9156
924 30.9973
923 31.0842
922 31.1707
921 31.2509
920 31.3195
919 31.3734
918 31.4138
917 31.4424
916 31.4606
915 31.4700
914 31.4721
913 31.4685
912 31.4601
911 31.4475
910 31.4312
909 31.4116
908 31.3895
907 31.3651
906 31.3393
905 31.3132
904 31.2889
903 31.2680
902 31.2523
901 31.2438
900 31.2441
899 31.2551
898 31.2781
897 31.3146
896 31.3660
895 31.4336
894 31.5190
893 31.6232
892 31.7419
891 31.8659
890 31.9858
889 32.0922
888 32.1756
887 32.2268
886 32.2399
885 32.2189
884 32.1691
883 32.0959
882 32.0047
881 31.9008
880 31.7898
879 31.6769
878 31.5677
877 31.4675
876 31.3818
875 31.3159
874 31.2753
873 31.2605
872 31.2640
871 31.2781
870 31.2947
869 31.3059
868 31.3037
867 31.2835
866 31.2498
865 31.2088
864 31.1666
863 31.1293
862 31.1032
861 31.0932
860 31.0979
859 31.1139
858 31.1377
857 31.1658
856 31.1949
855 31.2219
854 31.2472
853 31.2721
852 31.2978
851 31.3258
850 31.3573
849 31.3933
848 31.4336
847 31.4774
846 31.5240
845 31.5725
844 31.6224
843 31.6726
842 31.7222
841 31.7701
840 31.8150
839 31.8559
838 31.8917
837 31.9226
836 31.9515
835 31.9812
834 32.0148
833 32.0553
832 32.1054
831 32.1652
830 32.2312
829 32.3002
828 32.3687
827 32.4332
826 32.4901
825 32.5342
824 32.5598
823 32.5611
822 32.5326
821 32.4684
820 32.3694
819 32.2484
818 32.1192
817 31.9958
816 31.8921
815 31.8209
814 31.7805
813 31.7597
812 31.7473
811 31.7322
810 31.7031
809 31.6575
808 31.6090
807 31.5731
806 31.5651
805 31.6005
804 31.6903
803 31.8187
802 31.9595
801 32.0868
800 32.1746
799 32.1992
798 32.1644
797 32.0918
796 32.0035
795 31.9213
794 31.8666
793 31.8474
792 31.8569
791 31.8876
790 31.9320
789 31.9827
788 32.0334
787 32.0800
786 32.1187
785 32.1456
784 32.1568
783 32.1514
782 32.1376
781 32.1256
780 32.1255
779 32.1475
778 32.1973
777 32.2660
776 32.3419
775 32.4131
774 32.4680
773 32.4984
772 32.5078
771 32.5022
770 32.4872
769 32.4689
768 32.4519
767 32.4379
766 32.4278
765 32.4226
764 32.4232
763 32.4281
762 32.4316
761 32.4276
760 32.4100
759 32.3733
758 32.3213
757 32.2677
756 32.2266
755 32.2119
754 32.2360
753 32.2947
752 32.3742
751 32.4605
750 32.5397
749 32.6017
748 32.6471
747 32.6781
746 32.6968
745 32.7057
744 32.7079
743 32.7070
742 32.7071
741 32.7119
740 32.7244
739 32.7434
738 32.7666
737 32.7918
736 32.8165
735 32.8380
734 32.8526
733 32.8566
732 32.8461
731 32.8202
730 32.7878
729 32.7604
728 32.7497
727 32.7660
726 32.8047
725 32.8502
724 32.8870
723 32.8994
722 32.8814
721 32.8462
720 32.8089
719 32.7848
718 32.7864
717 32.8107
716 32.8489
715 32.8922
714 32.9323
713 32.9671
712 32.9980
711 33.0264
710 33.0536
709 33.0794
708 33.1018
707 33.1189
706 33.1289
705 33.1331
704 33.1377
703 33.1491
702 33.1736
701 33.2128
700 33.2569
699 33.2945
698 33.3145
697 33.3128
696 33.3000
695 33.2884
694 33.2902
693 33.3125
692 33.3530
691 33.4085
690 33.4757
689 33.5490
688 33.6188
687 33.6749
686 33.7076
685 33.7129
684 33.6955
683 33.6605
682 33.6134
681 33.5627
680 33.5210
679 33.5013
678 33.5151
677 33.5582
676 33.6150
675 33.6699
674 33.7094
673 33.7309
672 33.7356
671 33.7246
670 33.7011
669 33.6729
668 33.6488
667 33.6374
666 33.6412
665 33.6545
664 33.6712
663 33.6856
662 33.6961
661 33.7046
660 33.7130
659 33.7230
658 33.7370
657 33.7573
656 33.7859
655 33.8231
654 33.8670
653 33.9158
652 33.9670
651 34.0149
650 34.0529
649 34.0748
648 34.0813
647 34.0799
646 34.0788
645 34.0842
644 34.0933
643 34.1011
642 34.1025
641 34.1000
640 34.1061
639 34.1339
638 34.1920
637 34.2737
636 34.3693
635 34.4686
634 34.5580
633 34.6218
632 34.6448
631 34.6272
630 34.5884
629 34.5492
628 34.5253
627 34.5166
626 34.5200
625 34.5325
624 34.5519
623 34.5765
622 34.6049
621 34.6375
620 34.6778
619 34.7291
618 34.7892
617 34.8469
616 34.8897
615 34.9096
614 34.9079
613 34.8874
612 34.8549
611 34.8308
610 34.8380
609 34.8922
608 34.9774
607 35.0684
606 35.1424
605 35.1937
604 35.2230
603 35.2317
602 35.2253
601 35.2113
600 35.1973
599 35.1866
598 35.1791
597 35.1750
596 35.1746
595 35.1786
594 35.1877
593 35.2005
592 35.2151
591 35.2306
590 35.2518
589 35.2853
588 35.3348
587 35.3930
586 35.4500
585 35.4968
584 35.5284
583 35.5407
582 35.5343
581 35.5222
580 35.5185
579 35.5298
578 35.5485
577 35.5658
576 35.5770
575 35.5833
574 35.5870
573 35.5980
572 35.6308
571 35.6935
570 35.7699
569 35.8375
568 35.8825
567 35.9050
566 35.9070
565 35.9022
564 35.9123
563 35.9536
562 36.0146
561 36.0754
560 36.1229
559 36.1560
558 36.1760
557 36.1917
556 36.2189
555 36.2698
554 36.3339
553 36.3921
552 36.4312
551 36.4515
550 36.4562
549 36.4572
548 36.4711
547 36.5063
546 36.5536
545 36.6022
544 36.6437
543 36.6715
542 36.6852
541 36.6956
540 36.7138
539 36.7447
538 36.7902
537 36.8468
536 36.9020
535 36.9446
534 36.9727
533 36.9884
532 36.9952
531 36.9988
530 37.0042
529 37.0122
528 37.0221
527 37.0367
526 37.0626
525 37.1061
524 37.1721
523 37.2620
522 37.3618
521 37.4535
520 37.5275
519 37.5799
518 37.6135
517 37.6389
516 37.6662
515 37.7026
514 37.7531
513 37.8129
512 37.8742
511 37.9322
510 37.9841
509 38.0289
508 38.0680
507 38.1037
506 38.1409
505 38.1837
504 38.2290
503 38.2713
502 38.3090
501 38.3431
500 38.3772
499 38.4188
498 38.4703
497 38.5253
496 38.5768
495 38.6178
494 38.6452
493 38.6625
492 38.6793
491 38.7150
490 38.7812
489 38.8666
488 38.9576
487 39.0435
486 39.1169
485 39.1780
484 39.2330
483 39.3022
482 39.4023
481 39.5255
480 39.6557
479 39.7663
478 39.8323
477 39.8504
476 39.8276
475 39.7916
474 39.7750
473 39.7966
472 39.8646
471 39.9686
470 40.0891
469 40.1963
468 40.2741
467 40.3259
466 40.3594
465 40.3857
464 40.4186
463 40.4686
462 40.5242
461 40.5752
460 40.6316
459 40.7041
458 40.7999
457 40.9220
456 41.0678
455 41.2165
454 41.3393
453 41.4260
452 41.4772
451 41.5066
450 41.5308
449 41.5671
448 41.6234
447 41.6965
446 41.7848
445 41.8881
444 42.0008
443 42.1141
442 42.2164
441 42.3003
440 42.3666
439 42.4217
438 42.4762
437 42.5426
436 42.6375
435 42.7703
434 42.9081
433 43.0325
432 43.1596
431 43.2865
430 43.4071
429 43.5330
428 43.6686
427 43.8090
426 43.9450
425 44.0730
424 44.1966
423 44.3087
422 44.4057
421 44.5051
420 44.6059
419 44.6956
418 44.7867
417 44.8909
416 45.0110
415 45.1591
414 45.3461
413 45.5686
412 45.8237
411 46.0978
410 46.3301
409 46.5037
408 46.6312
407 46.7011
406 46.7385
405 46.7953
404 46.9244
403 47.1398
402 47.3952
401 47.6408
400 47.8598
399 48.0214
398 48.1358
397 48.2555
396 48.4356
395 48.6587
394 48.9023
393 49.1573
392 49.3906
391 49.5990
390 49.8114
389 50.0751
388 50.4364
387 50.8739
386 51.3220
385 51.7353
384 52.0965
383 52.3910
382 52.6255
381 52.8865
380 53.2201
379 53.6215
378 54.0577
377 54.5013
376 54.9396
375 55.3374
374 55.6717
373 55.9953
372 56.3181
371 56.5984
370 56.8154
369 56.9990
368 57.1348
367 57.2032
366 57.2661
365 57.3581
364 57.4182
363 57.4195
362 57.3698
361 57.2584
360 57.0681
359 56.8143
358 56.5216
357 56.1698
356 55.7420
355 55.2776
354 54.8305
353 54.4144
352 54.0580
351 53.8080
350 53.6317
