1500 31.6317
1499 31.6380
1498 31.6438
1497 31.6490
1496 31.6534
1495 31.6569
1494 31.6592
1493 31.6603
1492 31.6600
1491 31.6580
1490 31.6543
1489 31.6489
1488 31.6419
1487 31.6336
1486 31.6241
1485 31.6136
1484 31.6024
1483 31.5905
1482 31.5783
1481 31.5659
1480 31.5535
1479 31.5413
1478 31.5294
1477 31.5181
1476 31.5076
1475 31.4980
1474 31.4896
1473 31.4824
1472 31.4768
1471 31.4727
1470 31.4700
1469 31.4685
1468 31.4683
1467 31.4690
1466 31.4708
1465 31.4734
1464 31.4768
1463 31.4808
1462 31.4853
1461 31.4903
1460 31.4956
1459 31.5011
1458 31.5068
1457 31.5124
1456 31.5180
1455 31.5233
1454 31.5284
1453 31.5331
1452 31.5374
1451 31.5413
1450 31.5447
1449 31.5477
1448 31.5501
1447 31.5520
1446 31.5533
1445 31.5539
1444 31.5539
1443 31.5532
1442 31.5517
1441 31.5495
1440 31.5464
1439 31.5425
1438 31.5377
1437 31.5320
1436 31.5254
1435 31.5182
1434 31.5104
1433 31.5021
1432 31.4935
1431 31.4846
1430 31.4756
1429 31.4667
1428 31.4579
1427 31.4493
1426 31.4411
1425 31.4333
1424 31.4262
1423 31.4198
1422 31.4142
1421 31.4097
1420 31.4061
1419 31.4037
1418 31.4024
1417 31.4022
1416 31.4030
1415 31.4049
1414 31.4079
1413 31.4120
1412 31.4172
1411 31.4234
1410 31.4306
1409 31.4389
1408 31.4483
1407 31.4587
1406 31.4701
1405 31.4826
1404 31.4961
1403 31.5105
1402 31.5255
1401 31.5409
1400 31.5564
1399 31.5717
1398 31.5867
1397 31.6009
1396 31.6142
1395 31.6263
1394 31.6368
1393 31.6457
1392 31.6524
1391 31.6570
1390 31.6589
1389 31.6580
1388 31.6541
1387 31.6469
1386 31.6368
1385 31.6240
1384 31.6089
1383 31.5919
1382 31.5732
1381 31.5532
1380 31.5322
1379 31.5105
1378 31.4886
1377 31.4667
1376 31.4451
1375 31.4241
1374 31.4042
1373 31.3856
1372 31.3687
1371 31.3536
1370 31.3404
1369 31.3291
1368 31.3197
1367 31.3122
1366 31.3066
1365 31.3029
1364 31.3012
1363 31.3015
1362 31.3037
1361 31.3080
1360 31.3142
1359 31.3225
1358 31.3328
1357 31.3452
1356 31.3596
1355 31.3758
1354 31.3935
1353 31.4124
1352 31.4321
1351 31.4524
1350 31.4730
1349 31.4936
1348 31.5137
1347 31.5333
1346 31.5518
1345 31.5691
1344 31.5847
1343 31.5985
1342 31.6101
1341 31.6192
1340 31.6260
1339 31.6307
1338 31.6336
1337 31.6347
1336 31.6344
1335 31.6329
1334 31.6303
1333 31.6269
1332 31.6229
1331 31.6184
1330 31.6138
1329 31.6093
1328 31.6049
1327 31.6010
1326 31.5978
1325 31.5951
1324 31.5931
1323 31.5917
1322 31.5908
1321 31.5906
1320 31.5910
1319 31.5919
1318 31.5935
1317 31.5956
1316 31.5982
1315 31.6014
1314 31.6052
1313 31.6094
1312 31.6142
1311 31.6195
1310 31.6253
1309 31.6314
1308 31.6380
1307 31.6449
1306 31.6520
1305 31.6595
1304 31.6672
1303 31.6751
1302 31.6832
1301 31.6913
1300 31.6996
1299 31.7079
1298 31.7163
1297 31.7245
1296 31.7324
1295 31.7400
1294 31.7470
1293 31.7533
1292 31.7589
1291 31.7635
1290 31.7669
1289 31.7692
1288 31.7701
1287 31.7694
1286 31.7671
1285 31.7630
1284 31.7571
1283 31.7493
1282 31.7402
1281 31.7300
1280 31.7190
1279 31.7075
1278 31.6959
1277 31.6844
1276 31.6734
1275 31.6632
1274 31.6542
1273 31.6465
1272 31.6406
1271 31.6367
1270 31.6350
1269 31.6350
1268 31.6367
1267 31.6396
1266 31.6435
1265 31.6480
1264 31.6531
1263 31.6582
1262 31.6632
1261 31.6678
1260 31.6717
1259 31.6746
1258 31.6762
1257 31.6764
1256 31.6752
1255 31.6730
1254 31.6698
1253 31.6660
1252 31.6618
1251 31.6574
1250 31.6530
1249 31.6488
1248 31.6451
1247 31.6420
1246 31.6398
1245 31.6388
1244 31.6391
1243 31.6405
1242 31.6428
1241 31.6456
1240 31.6485
1239 31.6513
1238 31.6535
1237 31.6548
1236 31.6549
1235 31.6534
1234 31.6500
1233 31.6443
1232 31.6361
1231 31.6250
1230 31.6117
1229 31.5966
1228 31.5803
1227 31.5634
1226 31.5465
1225 31.5302
1224 31.5150
1223 31.5016
1222 31.4904
1221 31.4821
1220 31.4773
1219 31.4764
1218 31.4797
1217 31.4866
1216 31.4965
1215 31.5091
1214 31.5237
1213 31.5399
1212 31.5571
1211 31.5749
1210 31.5927
1209 31.6101
1208 31.6265
1207 31.6414
1206 31.6544
1205 31.6653
1204 31.6743
1203 31.6815
1202 31.6868
1201 31.6905
1200 31.6926
1199 31.6931
1198 31.6922
1197 31.6899
1196 31.6863
1195 31.6815
1194 31.6756
1193 31.6689
1192 31.6617
1191 31.6544
1190 31.6472
1189 31.6406
1188 31.6347
1187 31.6299
1186 31.6266
1185 31.6251
1184 31.6257
1183 31.6287
1182 31.6343
1181 31.6421
1180 31.6519
1179 31.6631
1178 31.6755
1177 31.6886
1176 31.7021
1175 31.7156
1174 31.7287
1173 31.7409
1172 31.7521
1171 31.7616
1170 31.7695
1169 31.7756
1168 31.7802
1167 31.7834
1166 31.7853
1165 31.7860
1164 31.7857
1163 31.7844
1162 31.7823
1161 31.7795
1160 31.7761
1159 31.7723
1158 31.7682
1157 31.7640
1156 31.7598
1155 31.7559
1154 31.7525
1153 31.7496
1152 31.7475
1151 31.7463
1150 31.7462
1149 31.7475
1148 31.7501
1147 31.7542
1146 31.7595
1145 31.7661
1144 31.7740
1143 31.7830
1142 31.7932
1141 31.8044
1140 31.8166
1139 31.8298
1138 31.8438
1137 31.8587
1136 31.8741
1135 31.8896
1134 31.9049
1133 31.9196
1132 31.9334
1131 31.9458
1130 31.9567
1129 31.9655
1128 31.9720
1127 31.9757
1126 31.9766
1125 31.9747
1124 31.9705
1123 31.9644
1122 31.9569
1121 31.9483
1120 31.9390
1119 31.9294
1118 31.9199
1117 31.9110
1116 31.9029
1115 31.8960
1114 31.8901
1113 31.8854
1112 31.8817
1111 31.8793
1110 31.8780
1109 31.8780
1108 31.8792
1107 31.8817
1106 31.8854
1105 31.8903
1104 31.8962
1103 31.9029
1102 31.9101
1101 31.9176
1100 31.9251
1099 31.9325
1098 31.9395
1097 31.9459
1096 31.9515
1095 31.9560
1094 31.9598
1093 31.9630
1092 31.9660
1091 31.9689
1090 31.9722
1089 31.9760
1088 31.9806
1087 31.9862
1086 31.9932
1085 32.0018
1084 32.0118
1083 32.0230
1082 32.0350
1081 32.0477
1080 32.0608
1079 32.0739
1078 32.0867
1077 32.0990
1076 32.1105
1075 32.1210
1074 32.1305
1073 32.1390
1072 32.1465
1071 32.1531
1070 32.1587
1069 32.1633
1068 32.1671
1067 32.1699
1066 32.1718
1065 32.1729
1064 32.1732
1063 32.1727
1062 32.1715
1061 32.1697
1060 32.1672
1059 32.1642
1058 32.1606
1057 32.1566
1056 32.1521
1055 32.1470
1054 32.1409
1053 32.1336
1052 32.1251
1051 32.1149
1050 32.1029
1049 32.0889
1048 32.0726
1047 32.0539
1046 32.0332
1045 32.0114
1044 31.9894
1043 31.9682
1042 31.9486
1041 31.9316
1040 31.9182
1039 31.9091
1038 31.9054
1037 31.9075
1036 31.9145
1035 31.9251
1034 31.9382
1033 31.9523
1032 31.9663
1031 31.9789
1030 31.9889
1029 31.9950
1028 31.9967
1027 31.9944
1026 31.9888
1025 31.9804
1024 31.9698
1023 31.9576
1022 31.9444
1021 31.9307
1020 31.9172
1019 31.9044
1018 31.8929
1017 31.8831
1016 31.8756
1015 31.8708
1014 31.8694
1013 31.8718
1012 31.8786
1011 31.8901
1010 31.9059
1009 31.9251
1008 31.9469
1007 31.9705
1006 31.9950
1005 32.0196
1004 32.0434
1003 32.0656
1002 32.0855
1001 32.1028
1000 32.1172
999 32.1285
998 32.1364
997 32.1408
996 32.1414
995 32.1380
994 32.1304
993 32.1188
992 32.1045
991 32.0889
990 32.0732
989 32.0587
988 32.0469
987 32.0390
986 32.0362
985 32.0391
984 32.0464
983 32.0568
982 32.0692
981 32.0823
980 32.0949
979 32.1057
978 32.1134
977 32.1177
976 32.1194
975 32.1195
974 32.1187
973 32.1180
972 32.1182
971 32.1203
970 32.1252
969 32.1329
968 32.1430
967 32.1545
966 32.1667
965 32.1790
964 32.1905
963 32.2005
962 32.2083
961 32.2138
960 32.2176
959 32.2204
958 32.2227
957 32.2253
956 32.2288
955 32.2338
954 32.2410
953 32.2503
952 32.2605
951 32.2706
950 32.2795
949 32.2861
948 32.2893
947 32.2880
946 32.2769
945 32.2606
944 32.2408
943 32.2208
942 32.2040
941 32.1932
940 32.1893
939 32.1916
938 32.1998
937 32.2132
936 32.2314
935 32.2538
934 32.2799
933 32.3086
932 32.3384
931 32.3678
930 32.3953
929 32.4193
928 32.4383
927 32.4508
926 32.4569
925 32.4587
924 32.4587
923 32.4594
922 32.4633
921 32.4727
920 32.4902
919 32.5157
918 32.5459
917 32.5770
916 32.6054
915 32.6272
914 32.6388
913 32.6367
912 32.6212
911 32.5961
910 32.5652
909 32.5324
908 32.5016
907 32.4765
906 32.4607
905 32.4534
904 32.4518
903 32.4529
902 32.4539
901 32.4519
900 32.4441
899 32.4287
898 32.4075
897 32.3823
896 32.3553
895 32.3286
894 32.3042
893 32.2842
892 32.2704
891 32.2644
890 32.2677
889 32.2820
888 32.3088
887 32.3498
886 32.4052
885 32.4716
884 32.5453
883 32.6224
882 32.6991
881 32.7715
880 32.8360
879 32.8917
878 32.9388
877 32.9778
876 33.0089
875 33.0326
874 33.0491
873 33.0584
872 33.0597
871 33.0523
870 33.0352
869 33.0077
868 32.9690
867 32.9195
866 32.8634
865 32.8054
864 32.7503
863 32.7028
862 32.6678
861 32.6486
860 32.6421
859 32.6427
858 32.6450
857 32.6435
856 32.6328
855 32.6092
854 32.5782
853 32.5486
852 32.5291
851 32.5284
850 32.5554
849 32.6162
848 32.7032
847 32.8041
846 32.9066
845 32.9982
844 33.0669
843 33.1046
842 33.1176
841 33.1142
840 33.1030
839 33.0927
838 33.0916
837 33.1033
836 33.1219
835 33.1410
834 33.1540
833 33.1545
832 33.1362
831 33.0991
830 33.0505
829 32.9977
828 32.9480
827 32.9088
826 32.8862
825 32.8788
824 32.8825
823 32.8932
822 32.9068
821 32.9191
820 32.9277
819 32.9329
818 32.9351
817 32.9350
816 32.9332
815 32.9302
814 32.9280
813 32.9292
812 32.9365
811 32.9524
810 32.9796
809 33.0186
808 33.0660
807 33.1178
806 33.1701
805 33.2192
804 33.2616
803 33.2973
802 33.3276
801 33.3537
800 33.3769
799 33.3983
798 33.4177
797 33.4341
796 33.4463
795 33.4531
794 33.4536
793 33.4473
792 33.4346
791 33.4158
790 33.3912
789 33.3614
788 33.3273
787 33.2913
786 33.2557
785 33.2230
784 33.1956
783 33.1752
782 33.1608
781 33.1509
780 33.1440
779 33.1387
778 33.1345
777 33.1342
776 33.1413
775 33.1595
774 33.1921
773 33.2411
772 33.3031
771 33.3738
770 33.4489
769 33.5239
768 33.5946
767 33.6563
766 33.7044
765 33.7343
764 33.7414
763 33.7257
762 33.6953
761 33.6591
760 33.6257
759 33.6036
758 33.5941
757 33.5906
756 33.5866
755 33.5753
754 33.5510
753 33.5151
752 33.4738
751 33.4332
750 33.3992
749 33.3769
748 33.3687
747 33.3766
746 33.4024
745 33.4478
744 33.5103
743 33.5839
742 33.6623
741 33.7392
740 33.8087
739 33.8656
738 33.9051
737 33.9225
736 33.9130
735 33.8784
734 33.8298
733 33.7786
732 33.7364
731 33.7116
730 33.7004
729 33.6960
728 33.6915
727 33.6805
726 33.6624
725 33.6407
724 33.6192
723 33.6016
722 33.5904
721 33.5864
720 33.5898
719 33.6011
718 33.6200
717 33.6426
716 33.6633
715 33.6768
714 33.6786
713 33.6742
712 33.6748
711 33.6917
710 33.7354
709 33.8044
708 33.8859
707 33.9665
706 34.0333
705 34.0778
704 34.0987
703 34.0952
702 34.0665
701 34.0147
700 33.9492
699 33.8802
698 33.8179
697 33.7682
696 33.7280
695 33.6934
694 33.6605
693 33.6294
692 33.6081
691 33.6052
690 33.6292
689 33.6811
688 33.7499
687 33.8234
686 33.8895
685 33.9446
684 33.9969
683 34.0558
682 34.1302
681 34.2184
680 34.3046
679 34.3717
678 34.4040
677 34.4017
676 34.3752
675 34.3354
674 34.2919
673 34.2475
672 34.2027
671 34.1579
670 34.1147
669 34.0776
668 34.0515
667 34.0414
666 34.0486
665 34.0703
664 34.1031
663 34.1443
662 34.1950
661 34.2593
660 34.3414
659 34.4410
658 34.5445
657 34.6355
656 34.6987
655 34.7311
654 34.7407
653 34.7355
652 34.7219
651 34.6997
650 34.6671
649 34.6225
648 34.5685
647 34.5121
646 34.4603
645 34.4201
644 34.3967
643 34.3949
642 34.4192
641 34.4688
640 34.5357
639 34.6113
638 34.6879
637 34.7608
636 34.8259
635 34.8795
634 34.9214
633 34.9533
632 34.9768
631 34.9906
630 34.9900
629 34.9697
628 34.9283
627 34.8749
626 34.8207
625 34.7762
624 34.7460
623 34.7315
622 34.7341
621 34.7529
620 34.7844
619 34.8249
618 34.8723
617 34.9276
616 34.9918
615 35.0637
614 35.1371
613 35.2053
612 35.2617
611 35.3011
610 35.3183
609 35.3104
608 35.2829
607 35.2439
606 35.2010
605 35.1590
604 35.1214
603 35.0920
602 35.0743
601 35.0720
600 35.0886
599 35.1240
598 35.1755
597 35.2402
596 35.3150
595 35.3963
594 35.4808
593 35.5641
592 35.6419
591 35.7093
590 35.7600
589 35.7870
588 35.7854
587 35.7587
586 35.7124
585 35.6533
584 35.5921
583 35.5400
582 35.5072
581 35.5010
580 35.5281
579 35.5884
578 35.6695
577 35.7580
576 35.8437
575 35.9214
574 35.9866
573 36.0404
572 36.0871
571 36.1290
570 36.1612
569 36.1768
568 36.1725
567 36.1510
566 36.1161
565 36.0768
564 36.0465
563 36.0369
562 36.0527
561 36.0966
560 36.1676
559 36.2577
558 36.3581
557 36.4586
556 36.5476
555 36.6144
554 36.6528
553 36.6585
552 36.6316
551 36.5828
550 36.5249
549 36.4738
548 36.4470
547 36.4553
546 36.4950
545 36.5601
544 36.6417
543 36.7289
542 36.8139
541 36.8942
540 36.9671
539 37.0276
538 37.0697
537 37.0896
536 37.0871
535 37.0631
534 37.0244
533 36.9798
532 36.9405
531 36.9205
530 36.9322
529 36.9776
528 37.0554
527 37.1573
526 37.2675
525 37.3720
524 37.4634
523 37.5353
522 37.5844
521 37.6081
520 37.6057
519 37.5779
518 37.5316
517 37.4820
516 37.4445
515 37.4354
514 37.4684
513 37.5458
512 37.6648
511 37.8091
510 37.9534
509 38.0756
508 38.1571
507 38.1880
506 38.1787
505 38.1442
504 38.1049
503 38.0824
502 38.0876
501 38.1239
500 38.1911
499 38.2840
498 38.3957
497 38.5166
496 38.6350
495 38.7357
494 38.8070
493 38.8449
492 38.8502
491 38.8321
490 38.8025
489 38.7773
488 38.7716
487 38.7967
486 38.8598
485 38.9578
484 39.0821
483 39.2123
482 39.3270
481 39.4097
480 39.4494
479 39.4516
478 39.4293
477 39.4078
476 39.4134
475 39.4569
474 39.5419
473 39.6608
472 39.8008
471 39.9451
470 40.0778
469 40.1864
468 40.2605
467 40.2934
466 40.2922
465 40.2751
464 40.2657
463 40.2886
462 40.3617
461 40.4910
460 40.6551
459 40.8273
458 40.9786
457 41.0880
456 41.1444
455 41.1587
454 41.1553
453 41.1566
452 41.1820
451 41.2432
450 41.3441
449 41.4762
448 41.6273
447 41.7823
446 41.9221
445 42.0266
444 42.0915
443 42.1234
442 42.1433
441 42.1749
440 42.2393
439 42.3457
438 42.4910
437 42.6548
436 42.8148
435 42.9514
434 43.0542
433 43.1248
432 43.1792
431 43.2418
430 43.3359
429 43.4725
428 43.6497
427 43.8533
426 44.0534
425 44.2234
424 44.3484
423 44.4329
422 44.4954
421 44.5661
420 44.6742
419 44.8376
418 45.0394
417 45.2506
416 45.4413
415 45.5929
414 45.7019
413 45.7877
412 45.8788
411 46.0055
410 46.1831
409 46.4097
408 46.6673
407 46.9253
406 47.1487
405 47.3200
404 47.4481
403 47.5653
402 47.7096
401 47.9064
400 48.1570
399 48.4445
398 48.7404
397 49.0134
396 49.2422
395 49.4379
394 49.6322
393 49.8589
392 50.1306
391 50.4405
390 50.7693
389 51.0918
388 51.3853
387 51.6551
386 51.9296
385 52.2404
384 52.6046
383 53.0197
382 53.4651
381 53.9128
380 54.3244
379 54.6829
378 55.0128
377 55.3445
376 55.6907
375 56.0471
374 56.4036
373 56.7446
372 57.0551
371 57.3477
370 57.6532
369 57.9748
368 58.2959
367 58.5932
366 58.8228
365 58.9370
364 58.9399
363 58.8500
362 58.7107
361 58.5542
360 58.3866
359 58.2010
358 57.9886
357 57.7488
356 57.4818
355 57.2152
354 56.9757
353 56.7564
352 56.5551
351 56.3918
350 56.2595
