1500 31.6200
1499 31.6257
1498 31.6309
1497 31.6356
1496 31.6395
1495 31.6426
1494 31.6446
1493 31.6454
1492 31.6449
1491 31.6428
1490 31.6390
1489 31.6336
1488 31.6267
1487 31.6186
1486 31.6093
1485 31.5992
1484 31.5883
1483 31.5768
1482 31.5650
1481 31.5530
1480 31.5410
1479 31.5291
1478 31.5177
1477 31.5068
1476 31.4966
1475 31.4873
1474 31.4791
1473 31.4722
1472 31.4668
1471 31.4627
1470 31.4600
1469 31.4585
1468 31.4582
1467 31.4589
1466 31.4605
1465 31.4630
1464 31.4661
1463 31.4699
1462 31.4743
1461 31.4791
1460 31.4842
1459 31.4895
1458 31.4949
1457 31.5004
1456 31.5059
1455 31.5111
1454 31.5161
1453 31.5208
1452 31.5252
1451 31.5291
1450 31.5326
1449 31.5357
1448 31.5382
1447 31.5402
1446 31.5415
1445 31.5423
1444 31.5424
1443 31.5417
1442 31.5403
1441 31.5381
1440 31.5351
1439 31.5311
1438 31.5263
1437 31.5205
1436 31.5139
1435 31.5065
1434 31.4985
1433 31.4901
1432 31.4812
1431 31.4721
1430 31.4629
1429 31.4537
1428 31.4447
1427 31.4358
1426 31.4274
1425 31.4194
1424 31.4121
1423 31.4055
1422 31.3998
1421 31.3951
1420 31.3914
1419 31.3890
1418 31.3876
1417 31.3873
1416 31.3882
1415 31.3901
1414 31.3931
1413 31.3972
1412 31.4024
1411 31.4087
1410 31.4160
1409 31.4243
1408 31.4337
1407 31.4441
1406 31.4555
1405 31.4679
1404 31.4814
1403 31.4957
1402 31.5106
1401 31.5259
1400 31.5413
1399 31.5565
1398 31.5713
1397 31.5854
1396 31.5985
1395 31.6104
1394 31.6209
1393 31.6295
1392 31.6362
1391 31.6406
1390 31.6425
1389 31.6415
1388 31.6375
1387 31.6303
1386 31.6201
1385 31.6074
1384 31.5923
1383 31.5753
1382 31.5567
1381 31.5368
1380 31.5160
1379 31.4946
1378 31.4728
1377 31.4511
1376 31.4298
1375 31.4092
1374 31.3896
1373 31.3714
1372 31.3549
1371 31.3403
1370 31.3276
1369 31.3168
1368 31.3079
1367 31.3008
1366 31.2958
1365 31.2926
1364 31.2914
1363 31.2921
1362 31.2947
1361 31.2993
1360 31.3059
1359 31.3144
1358 31.3249
1357 31.3374
1356 31.3518
1355 31.3680
1354 31.3856
1353 31.4043
1352 31.4238
1351 31.4438
1350 31.4641
1349 31.4843
1348 31.5041
1347 31.5232
1346 31.5413
1345 31.5582
1344 31.5734
1343 31.5868
1342 31.5980
1341 31.6068
1340 31.6133
1339 31.6177
1338 31.6203
1337 31.6212
1336 31.6207
1335 31.6189
1334 31.6161
1333 31.6124
1332 31.6082
1331 31.6036
1330 31.5987
1329 31.5939
1328 31.5894
1327 31.5852
1326 31.5817
1325 31.5788
1324 31.5765
1323 31.5748
1322 31.5737
1321 31.5733
1320 31.5735
1319 31.5743
1318 31.5758
1317 31.5779
1316 31.5806
1315 31.5839
1314 31.5879
1313 31.5925
1312 31.5977
1311 31.6036
1310 31.6099
1309 31.6167
1308 31.6239
1307 31.6315
1306 31.6395
1305 31.6476
1304 31.6560
1303 31.6646
1302 31.6733
1301 31.6820
1300 31.6907
1299 31.6993
1298 31.7079
1297 31.7162
1296 31.7242
1295 31.7317
1294 31.7386
1293 31.7448
1292 31.7501
1291 31.7545
1290 31.7577
1289 31.7598
1288 31.7605
1287 31.7597
1286 31.7574
1285 31.7533
1284 31.7474
1283 31.7398
1282 31.7310
1281 31.7210
1280 31.7104
1279 31.6993
1278 31.6880
1277 31.6769
1276 31.6663
1275 31.6565
1274 31.6477
1273 31.6403
1272 31.6346
1271 31.6308
1270 31.6290
1269 31.6290
1268 31.6305
1267 31.6331
1266 31.6367
1265 31.6409
1264 31.6455
1263 31.6501
1262 31.6546
1261 31.6585
1260 31.6617
1259 31.6639
1258 31.6648
1257 31.6641
1256 31.6621
1255 31.6590
1254 31.6551
1253 31.6504
1252 31.6454
1251 31.6403
1250 31.6351
1249 31.6303
1248 31.6261
1247 31.6226
1246 31.6201
1245 31.6189
1244 31.6191
1243 31.6206
1242 31.6231
1241 31.6262
1240 31.6295
1239 31.6327
1238 31.6353
1237 31.6371
1236 31.6377
1235 31.6367
1234 31.6338
1233 31.6285
1232 31.6206
1231 31.6098
1230 31.5967
1229 31.5817
1228 31.5655
1227 31.5486
1226 31.5318
1225 31.5154
1224 31.5003
1223 31.4868
1222 31.4757
1221 31.4675
1220 31.4628
1219 31.4621
1218 31.4656
1217 31.4728
1216 31.4830
1215 31.4959
1214 31.5109
1213 31.5274
1212 31.5450
1211 31.5630
1210 31.5811
1209 31.5986
1208 31.6151
1207 31.6299
1206 31.6428
1205 31.6535
1204 31.6622
1203 31.6690
1202 31.6740
1201 31.6774
1200 31.6791
1199 31.6793
1198 31.6782
1197 31.6758
1196 31.6722
1195 31.6676
1194 31.6620
1193 31.6558
1192 31.6492
1191 31.6425
1190 31.6359
1189 31.6299
1188 31.6246
1187 31.6204
1186 31.6175
1185 31.6163
1184 31.6169
1183 31.6198
1182 31.6250
1181 31.6323
1180 31.6413
1179 31.6516
1178 31.6630
1177 31.6751
1176 31.6874
1175 31.6998
1174 31.7118
1173 31.7231
1172 31.7333
1171 31.7421
1170 31.7493
1169 31.7549
1168 31.7592
1167 31.7622
1166 31.7640
1165 31.7647
1164 31.7645
1163 31.7633
1162 31.7615
1161 31.7590
1160 31.7560
1159 31.7526
1158 31.7489
1157 31.7451
1156 31.7415
1155 31.7380
1154 31.7350
1153 31.7325
1152 31.7308
1151 31.7299
1150 31.7301
1149 31.7315
1148 31.7342
1147 31.7382
1146 31.7435
1145 31.7501
1144 31.7578
1143 31.7668
1142 31.7768
1141 31.7880
1140 31.8003
1139 31.8136
1138 31.8280
1137 31.8433
1136 31.8591
1135 31.8752
1134 31.8911
1133 31.9065
1132 31.9210
1131 31.9342
1130 31.9457
1129 31.9551
1128 31.9621
1127 31.9664
1126 31.9675
1125 31.9659
1124 31.9619
1123 31.9560
1122 31.9486
1121 31.9400
1120 31.9308
1119 31.9213
1118 31.9120
1117 31.9032
1116 31.8954
1115 31.8887
1114 31.8833
1113 31.8789
1112 31.8758
1111 31.8739
1110 31.8731
1109 31.8736
1108 31.8754
1107 31.8784
1106 31.8826
1105 31.8880
1104 31.8944
1103 31.9014
1102 31.9088
1101 31.9165
1100 31.9240
1099 31.9313
1098 31.9379
1097 31.9438
1096 31.9485
1095 31.9521
1094 31.9546
1093 31.9565
1092 31.9579
1091 31.9593
1090 31.9609
1089 31.9631
1088 31.9661
1087 31.9702
1086 31.9758
1085 31.9830
1084 31.9920
1083 32.0023
1082 32.0138
1081 32.0262
1080 32.0393
1079 32.0527
1078 32.0663
1077 32.0798
1076 32.0930
1075 32.1057
1074 32.1176
1073 32.1287
1072 32.1389
1071 32.1481
1070 32.1560
1069 32.1627
1068 32.1679
1067 32.1716
1066 32.1737
1065 32.1742
1064 32.1733
1063 32.1712
1062 32.1681
1061 32.1642
1060 32.1598
1059 32.1549
1058 32.1497
1057 32.1446
1056 32.1395
1055 32.1342
1054 32.1285
1053 32.1219
1052 32.1142
1051 32.1052
1050 32.0945
1049 32.0818
1048 32.0668
1047 32.0493
1046 32.0297
1045 32.0089
1044 31.9877
1043 31.9672
1042 31.9481
1041 31.9315
1040 31.9181
1039 31.9090
1038 31.9050
1037 31.9067
1036 31.9130
1035 31.9229
1034 31.9351
1033 31.9484
1032 31.9617
1031 31.9736
1030 31.9831
1029 31.9890
1028 31.9906
1027 31.9884
1026 31.9829
1025 31.9748
1024 31.9644
1023 31.9524
1022 31.9392
1021 31.9255
1020 31.9116
1019 31.8982
1018 31.8859
1017 31.8753
1016 31.8670
1015 31.8616
1014 31.8596
1013 31.8617
1012 31.8685
1011 31.8804
1010 31.8969
1009 31.9171
1008 31.9401
1007 31.9649
1006 31.9905
1005 32.0162
1004 32.0409
1003 32.0637
1002 32.0838
1001 32.1010
1000 32.1151
999 32.1259
998 32.1332
997 32.1370
996 32.1369
995 32.1329
994 32.1248
993 32.1130
992 32.0986
991 32.0829
990 32.0673
989 32.0530
988 32.0413
987 32.0335
986 32.0309
985 32.0338
984 32.0411
983 32.0514
982 32.0636
981 32.0762
980 32.0882
979 32.0981
978 32.1048
977 32.1079
976 32.1082
975 32.1067
974 32.1044
973 32.1021
972 32.1009
971 32.1018
970 32.1055
969 32.1125
968 32.1219
967 32.1331
966 32.1453
965 32.1578
964 32.1699
963 32.1807
962 32.1896
961 32.1964
960 32.2017
959 32.2060
958 32.2099
957 32.2139
956 32.2186
955 32.2245
954 32.2322
953 32.2415
952 32.2516
951 32.2613
950 32.2697
949 32.2759
948 32.2788
947 32.2775
946 32.2662
945 32.2500
944 32.2303
943 32.2105
942 32.1936
941 32.1826
940 32.1783
939 32.1805
938 32.1887
937 32.2026
936 32.2219
935 32.2462
934 32.2752
933 32.3076
932 32.3417
931 32.3757
930 32.4077
929 32.4358
928 32.4583
927 32.4733
926 32.4806
925 32.4828
924 32.4824
923 32.4821
922 32.4844
921 32.4921
920 32.5076
919 32.5313
918 32.5594
917 32.5884
916 32.6142
915 32.6332
914 32.6416
913 32.6356
912 32.6160
911 32.5867
910 32.5522
909 32.5165
908 32.4841
907 32.4590
906 32.4451
905 32.4412
904 32.4437
903 32.4489
902 32.4530
901 32.4524
900 32.4435
899 32.4241
898 32.3969
897 32.3649
896 32.3314
895 32.2993
894 32.2719
893 32.2523
892 32.2423
891 32.2426
890 32.2537
889 32.2764
888 32.3112
887 32.3589
886 32.4190
885 32.4883
884 32.5635
883 32.6410
882 32.7172
881 32.7887
880 32.8522
879 32.9068
878 32.9528
877 32.9907
876 33.0209
875 33.0437
874 33.0596
873 33.0684
872 33.0694
871 33.0618
870 33.0449
869 33.0177
868 32.9795
867 32.9308
866 32.8754
865 32.8181
864 32.7634
863 32.7160
862 32.6804
861 32.6601
860 32.6520
859 32.6509
858 32.6518
857 32.6494
856 32.6385
855 32.6158
854 32.5867
853 32.5596
852 32.5432
851 32.5459
850 32.5762
849 32.6402
848 32.7299
847 32.8329
846 32.9367
845 33.0288
844 33.0967
843 33.1326
842 33.1426
841 33.1355
840 33.1202
839 33.1053
838 33.0998
837 33.1071
836 33.1220
835 33.1384
834 33.1500
833 33.1507
832 33.1345
831 33.1015
830 33.0580
829 33.0107
828 32.9662
827 32.9312
826 32.9111
825 32.9046
824 32.9081
823 32.9179
822 32.9301
821 32.9413
820 32.9491
819 32.9537
818 32.9557
817 32.9558
816 32.9544
815 32.9522
814 32.9509
813 32.9530
812 32.9608
811 32.9767
810 33.0032
809 33.0406
808 33.0858
807 33.1350
806 33.1847
805 33.2311
804 33.2711
803 33.3047
802 33.3331
801 33.3574
800 33.3788
799 33.3984
798 33.4163
797 33.4320
796 33.4450
795 33.4547
794 33.4607
793 33.4620
792 33.4574
791 33.4456
790 33.4253
789 33.3951
788 33.3557
787 33.3113
786 33.2664
785 33.2254
784 33.1930
783 33.1721
782 33.1609
781 33.1562
780 33.1553
779 33.1552
778 33.1543
777 33.1556
776 33.1627
775 33.1795
774 33.2099
773 33.2558
772 33.3140
771 33.3801
770 33.4496
769 33.5181
768 33.5816
767 33.6365
766 33.6797
765 33.7079
764 33.7179
763 33.7097
762 33.6893
761 33.6630
760 33.6373
759 33.6184
758 33.6071
757 33.5991
756 33.5897
755 33.5744
754 33.5491
753 33.5152
752 33.4773
751 33.4402
750 33.4083
749 33.3860
748 33.3763
747 33.3819
746 33.4058
745 33.4506
744 33.5136
743 33.5877
742 33.6657
741 33.7403
740 33.8048
739 33.8555
738 33.8891
737 33.9025
736 33.8927
735 33.8619
734 33.8190
733 33.7737
732 33.7357
731 33.7119
730 33.6997
729 33.6936
728 33.6883
727 33.6790
726 33.6644
725 33.6465
724 33.6272
723 33.6084
722 33.5921
721 33.5802
720 33.5747
719 33.5777
718 33.5905
717 33.6093
716 33.6290
715 33.6442
714 33.6505
713 33.6527
712 33.6608
711 33.6850
710 33.7350
709 33.8088
708 33.8942
707 33.9785
706 34.0491
705 34.0977
704 34.1221
703 34.1207
702 34.0917
701 34.0371
700 33.9674
699 33.8940
698 33.8287
697 33.7779
696 33.7387
695 33.7069
694 33.6784
693 33.6526
692 33.6359
691 33.6353
690 33.6576
689 33.7036
688 33.7646
687 33.8306
686 33.8920
685 33.9458
684 33.9984
683 34.0570
682 34.1287
681 34.2113
680 34.2910
679 34.3528
678 34.3831
677 34.3819
676 34.3588
675 34.3238
674 34.2855
673 34.2462
672 34.2059
671 34.1647
670 34.1242
669 34.0893
668 34.0658
667 34.0591
666 34.0706
665 34.0957
664 34.1296
663 34.1680
662 34.2125
661 34.2692
660 34.3440
659 34.4383
658 34.5388
657 34.6300
656 34.6968
655 34.7355
654 34.7518
653 34.7518
652 34.7403
651 34.7176
650 34.6827
649 34.6349
648 34.5777
647 34.5186
646 34.4658
645 34.4264
644 34.4054
643 34.4067
642 34.4342
641 34.4863
640 34.5542
639 34.6286
638 34.7017
637 34.7699
636 34.8307
635 34.8818
634 34.9232
633 34.9563
632 34.9823
631 34.9995
630 35.0022
629 34.9846
628 34.9445
627 34.8909
626 34.8350
625 34.7875
624 34.7535
623 34.7356
622 34.7360
621 34.7544
620 34.7871
619 34.8302
618 34.8814
617 34.9408
616 35.0089
615 35.0841
614 35.1603
613 35.2307
612 35.2888
611 35.3292
610 35.3467
609 35.3380
608 35.3089
607 35.2680
606 35.2230
605 35.1779
604 35.1351
603 35.0971
602 35.0698
601 35.0606
600 35.0765
599 35.1177
598 35.1792
597 35.2558
596 35.3413
595 35.4291
594 35.5128
593 35.5905
592 35.6622
591 35.7269
590 35.7779
589 35.8069
588 35.8076
587 35.7827
586 35.7373
585 35.6776
584 35.6148
583 35.5608
582 35.5261
581 35.5183
580 35.5444
579 35.6046
578 35.6866
577 35.7769
576 35.8649
575 35.9441
574 36.0092
573 36.0609
572 36.1040
571 36.1414
570 36.1688
569 36.1796
568 36.1715
567 36.1479
566 36.1132
565 36.0760
564 36.0481
563 36.0398
562 36.0556
561 36.0984
560 36.1678
559 36.2580
558 36.3624
557 36.4700
556 36.5665
555 36.6386
554 36.6794
553 36.6846
552 36.6549
551 36.6031
550 36.5438
549 36.4926
548 36.4655
547 36.4724
546 36.5102
545 36.5740
544 36.6549
543 36.7424
542 36.8282
541 36.9081
540 36.9785
539 37.0356
538 37.0758
537 37.0968
536 37.0979
535 37.0795
534 37.0463
533 37.0047
532 36.9650
531 36.9433
530 36.9535
529 36.9981
528 37.0758
527 37.1775
526 37.2856
525 37.3853
524 37.4704
523 37.5362
522 37.5809
521 37.6035
520 37.6032
519 37.5791
518 37.5368
517 37.4899
516 37.4533
515 37.4438
514 37.4763
513 37.5537
512 37.6735
511 37.8192
510 37.9647
509 38.0873
508 38.1689
507 38.1994
506 38.1899
505 38.1557
504 38.1163
503 38.0924
502 38.0950
501 38.1282
500 38.1925
499 38.2838
498 38.3959
497 38.5195
496 38.6424
495 38.7470
494 38.8201
493 38.8579
492 38.8617
491 38.8422
490 38.8124
489 38.7879
488 38.7834
487 38.8096
486 38.8732
485 38.9707
484 39.0936
483 39.2227
482 39.3377
481 39.4216
480 39.4624
479 39.4664
478 39.4468
477 39.4280
476 39.4351
475 39.4788
474 39.5631
473 39.6799
472 39.8159
471 39.9558
470 40.0852
469 40.1929
468 40.2689
467 40.3064
466 40.3109
465 40.2982
464 40.2910
463 40.3139
462 40.3853
461 40.5119
460 40.6736
459 40.8437
458 40.9929
457 41.1000
456 41.1540
455 41.1661
454 41.1609
453 41.1611
452 41.1866
451 41.2479
450 41.3482
449 41.4791
448 41.6287
447 41.7831
446 41.9243
445 42.0332
444 42.1048
443 42.1438
442 42.1683
441 42.2004
440 42.2615
439 42.3615
438 42.4985
437 42.6543
436 42.8092
435 42.9451
434 43.0507
433 43.1259
432 43.1852
431 43.2517
430 43.3480
429 43.4856
428 43.6632
427 43.8669
426 44.0672
425 44.2373
424 44.3618
423 44.4457
422 44.5081
421 44.5797
420 44.6895
419 44.8557
418 45.0602
417 45.2734
416 45.4646
415 45.6150
414 45.7217
413 45.8059
412 45.8969
411 46.0248
410 46.2055
409 46.4355
408 46.6951
407 46.9537
406 47.1772
405 47.3476
404 47.4745
403 47.5912
402 47.7353
401 47.9300
400 48.1751
399 48.4556
398 48.7449
397 49.0130
396 49.2409
395 49.4396
394 49.6377
393 49.8652
392 50.1353
391 50.4416
390 50.7663
389 51.0869
388 51.3832
387 51.6600
386 51.9427
385 52.2579
384 52.6226
383 53.0349
382 53.4756
381 53.9208
380 54.3354
379 54.7025
378 55.0424
377 55.3822
376 55.7312
375 56.0850
374 56.4364
373 56.7706
372 57.0761
371 57.3658
370 57.6687
369 57.9883
368 58.3074
367 58.6010
366 58.8273
365 58.9403
364 58.9422
363 58.8505
362 58.7088
361 58.5498
360 58.3803
359 58.1949
358 57.9869
357 57.7534
356 57.4952
355 57.2345
354 56.9963
353 56.7750
352 56.5667
351 56.3911
350 56.2490
