1500 31.6598
1499 31.6649
1498 31.6696
1497 31.6738
1496 31.6774
1495 31.6802
1494 31.6820
1493 31.6827
1492 31.6823
1491 31.6804
1490 31.6770
1489 31.6722
1488 31.6660
1487 31.6587
1486 31.6503
1485 31.6412
1484 31.6314
1483 31.6210
1482 31.6104
1481 31.5995
1480 31.5887
1479 31.5780
1478 31.5676
1477 31.5577
1476 31.5484
1475 31.5400
1474 31.5325
1473 31.5262
1472 31.5211
1471 31.5174
1470 31.5148
1469 31.5133
1468 31.5129
1467 31.5134
1466 31.5148
1465 31.5169
1464 31.5197
1463 31.5232
1462 31.5272
1461 31.5316
1460 31.5364
1459 31.5415
1458 31.5468
1457 31.5522
1456 31.5576
1455 31.5630
1454 31.5683
1453 31.5733
1452 31.5781
1451 31.5826
1450 31.5868
1449 31.5905
1448 31.5938
1447 31.5966
1446 31.5987
1445 31.6002
1444 31.6011
1443 31.6012
1442 31.6004
1441 31.5988
1440 31.5963
1439 31.5928
1438 31.5883
1437 31.5827
1436 31.5761
1435 31.5687
1434 31.5606
1433 31.5518
1432 31.5426
1431 31.5331
1430 31.5233
1429 31.5135
1428 31.5037
1427 31.4942
1426 31.4849
1425 31.4761
1424 31.4679
1423 31.4603
1422 31.4537
1421 31.4479
1420 31.4433
1419 31.4398
1418 31.4374
1417 31.4361
1416 31.4360
1415 31.4370
1414 31.4390
1413 31.4422
1412 31.4466
1411 31.4520
1410 31.4586
1409 31.4662
1408 31.4750
1407 31.4849
1406 31.4959
1405 31.5081
1404 31.5213
1403 31.5355
1402 31.5504
1401 31.5658
1400 31.5814
1399 31.5968
1398 31.6119
1397 31.6263
1396 31.6398
1395 31.6521
1394 31.6630
1393 31.6721
1392 31.6792
1391 31.6839
1390 31.6862
1389 31.6855
1388 31.6818
1387 31.6748
1386 31.6648
1385 31.6522
1384 31.6372
1383 31.6202
1382 31.6016
1381 31.5816
1380 31.5607
1379 31.5391
1378 31.5172
1377 31.4952
1376 31.4737
1375 31.4528
1374 31.4329
1373 31.4144
1372 31.3976
1371 31.3826
1370 31.3696
1369 31.3584
1368 31.3491
1367 31.3418
1366 31.3365
1365 31.3331
1364 31.3317
1363 31.3323
1362 31.3349
1361 31.3396
1360 31.3463
1359 31.3551
1358 31.3660
1357 31.3790
1356 31.3941
1355 31.4110
1354 31.4294
1353 31.4490
1352 31.4694
1351 31.4903
1350 31.5115
1349 31.5325
1348 31.5531
1347 31.5728
1346 31.5915
1345 31.6087
1344 31.6241
1343 31.6374
1342 31.6482
1341 31.6564
1340 31.6621
1339 31.6655
1338 31.6668
1337 31.6664
1336 31.6645
1335 31.6613
1334 31.6571
1333 31.6521
1332 31.6466
1331 31.6408
1330 31.6350
1329 31.6294
1328 31.6243
1327 31.6199
1326 31.6165
1325 31.6139
1324 31.6122
1323 31.6114
1322 31.6114
1321 31.6122
1320 31.6137
1319 31.6159
1318 31.6188
1317 31.6224
1316 31.6266
1315 31.6314
1314 31.6368
1313 31.6426
1312 31.6490
1311 31.6558
1310 31.6630
1309 31.6706
1308 31.6785
1307 31.6867
1306 31.6951
1305 31.7037
1304 31.7124
1303 31.7213
1302 31.7302
1301 31.7391
1300 31.7480
1299 31.7569
1298 31.7656
1297 31.7741
1296 31.7822
1295 31.7899
1294 31.7970
1293 31.8035
1292 31.8091
1291 31.8138
1290 31.8174
1289 31.8199
1288 31.8211
1287 31.8208
1286 31.8191
1285 31.8158
1284 31.8107
1283 31.8040
1282 31.7961
1281 31.7871
1280 31.7774
1279 31.7672
1278 31.7568
1277 31.7465
1276 31.7366
1275 31.7273
1274 31.7189
1273 31.7116
1272 31.7059
1271 31.7018
1270 31.6996
1269 31.6988
1268 31.6994
1267 31.7010
1266 31.7034
1265 31.7064
1264 31.7097
1263 31.7130
1262 31.7162
1261 31.7189
1260 31.7210
1259 31.7221
1258 31.7220
1257 31.7207
1256 31.7181
1255 31.7146
1254 31.7104
1253 31.7056
1252 31.7006
1251 31.6954
1250 31.6905
1249 31.6858
1248 31.6818
1247 31.6785
1246 31.6763
1245 31.6753
1244 31.6758
1243 31.6776
1242 31.6803
1241 31.6835
1240 31.6870
1239 31.6904
1238 31.6933
1237 31.6953
1236 31.6961
1235 31.6954
1234 31.6927
1233 31.6878
1232 31.6802
1231 31.6698
1230 31.6571
1229 31.6425
1228 31.6267
1227 31.6102
1226 31.5936
1225 31.5775
1224 31.5624
1223 31.5490
1222 31.5377
1221 31.5291
1220 31.5239
1219 31.5225
1218 31.5251
1217 31.5311
1216 31.5402
1215 31.5518
1214 31.5654
1213 31.5806
1212 31.5969
1211 31.6137
1210 31.6307
1209 31.6474
1208 31.6631
1207 31.6776
1206 31.6903
1205 31.7011
1204 31.7102
1203 31.7176
1202 31.7234
1201 31.7276
1200 31.7304
1199 31.7318
1198 31.7318
1197 31.7306
1196 31.7283
1195 31.7248
1194 31.7203
1193 31.7151
1192 31.7094
1191 31.7034
1190 31.6974
1189 31.6918
1188 31.6867
1187 31.6824
1186 31.6792
1185 31.6773
1184 31.6770
1183 31.6786
1182 31.6822
1181 31.6876
1180 31.6945
1179 31.7027
1178 31.7118
1177 31.7216
1176 31.7319
1175 31.7423
1174 31.7526
1173 31.7625
1172 31.7718
1171 31.7801
1170 31.7873
1169 31.7935
1168 31.7986
1167 31.8027
1166 31.8058
1165 31.8080
1164 31.8093
1163 31.8098
1162 31.8094
1161 31.8083
1160 31.8064
1159 31.8038
1158 31.8007
1157 31.7974
1156 31.7939
1155 31.7906
1154 31.7876
1153 31.7851
1152 31.7832
1151 31.7823
1150 31.7824
1149 31.7838
1148 31.7867
1147 31.7909
1146 31.7966
1145 31.8036
1144 31.8120
1143 31.8216
1142 31.8325
1141 31.8447
1140 31.8581
1139 31.8726
1138 31.8883
1137 31.9051
1136 31.9225
1135 31.9402
1134 31.9577
1133 31.9746
1132 31.9905
1131 32.0050
1130 32.0175
1129 32.0278
1128 32.0353
1127 32.0397
1126 32.0407
1125 32.0385
1124 32.0337
1123 32.0268
1122 32.0182
1121 32.0085
1120 31.9981
1119 31.9875
1118 31.9773
1117 31.9678
1116 31.9596
1115 31.9529
1114 31.9475
1113 31.9436
1112 31.9411
1111 31.9399
1110 31.9400
1109 31.9415
1108 31.9442
1107 31.9482
1106 31.9534
1105 31.9597
1104 31.9669
1103 31.9747
1102 31.9828
1101 31.9909
1100 31.9988
1099 32.0063
1098 32.0129
1097 32.0185
1096 32.0228
1095 32.0256
1094 32.0273
1093 32.0280
1092 32.0283
1091 32.0283
1090 32.0286
1089 32.0293
1088 32.0309
1087 32.0337
1086 32.0381
1085 32.0443
1084 32.0523
1083 32.0618
1082 32.0726
1081 32.0844
1080 32.0970
1079 32.1100
1078 32.1233
1077 32.1365
1076 32.1494
1075 32.1617
1074 32.1735
1073 32.1846
1072 32.1948
1071 32.2041
1070 32.2125
1069 32.2198
1068 32.2259
1067 32.2307
1066 32.2342
1065 32.2364
1064 32.2373
1063 32.2372
1062 32.2360
1061 32.2339
1060 32.2309
1059 32.2272
1058 32.2229
1057 32.2181
1056 32.2127
1055 32.2066
1054 32.1997
1053 32.1918
1052 32.1825
1051 32.1719
1050 32.1597
1049 32.1456
1048 32.1296
1047 32.1114
1046 32.0915
1045 32.0707
1044 32.0498
1043 32.0298
1042 32.0115
1041 31.9957
1040 31.9832
1039 31.9750
1038 31.9719
1037 31.9742
1036 31.9812
1035 31.9917
1034 32.0044
1033 32.0181
1032 32.0318
1031 32.0441
1030 32.0539
1029 32.0601
1028 32.0621
1027 32.0603
1026 32.0552
1025 32.0473
1024 32.0372
1023 32.0254
1022 32.0123
1021 31.9985
1020 31.9844
1019 31.9708
1018 31.9582
1017 31.9474
1016 31.9389
1015 31.9334
1014 31.9316
1013 31.9341
1012 31.9417
1011 31.9547
1010 31.9727
1009 31.9947
1008 32.0196
1007 32.0464
1006 32.0742
1005 32.1019
1004 32.1285
1003 32.1530
1002 32.1746
1001 32.1931
1000 32.2082
999 32.2197
998 32.2276
997 32.2317
996 32.2317
995 32.2277
994 32.2193
993 32.2070
992 32.1921
991 32.1758
990 32.1595
989 32.1445
988 32.1323
987 32.1240
986 32.1211
985 32.1238
984 32.1309
983 32.1410
982 32.1528
981 32.1650
980 32.1760
979 32.1846
978 32.1894
977 32.1901
976 32.1877
975 32.1833
974 32.1781
973 32.1731
972 32.1696
971 32.1687
970 32.1714
969 32.1781
968 32.1879
967 32.2000
966 32.2136
965 32.2277
964 32.2415
963 32.2541
962 32.2647
961 32.2730
960 32.2797
959 32.2852
958 32.2903
957 32.2954
956 32.3013
955 32.3084
954 32.3173
953 32.3278
952 32.3386
951 32.3486
950 32.3564
949 32.3608
948 32.3605
947 32.3543
946 32.3338
945 32.3066
944 32.2754
943 32.2453
942 32.2211
941 32.2076
940 32.2052
939 32.2123
938 32.2271
937 32.2480
936 32.2733
935 32.3014
934 32.3306
933 32.3597
932 32.3878
931 32.4143
930 32.4382
929 32.4588
928 32.4753
927 32.4869
926 32.4937
925 32.4976
924 32.5002
923 32.5033
922 32.5088
921 32.5184
920 32.5339
919 32.5552
918 32.5795
917 32.6037
916 32.6248
915 32.6396
914 32.6451
913 32.6384
912 32.6200
911 32.5937
910 32.5631
909 32.5320
908 32.5040
907 32.4830
906 32.4720
905 32.4700
904 32.4734
903 32.4786
902 32.4820
901 32.4802
900 32.4695
899 32.4482
898 32.4189
897 32.3850
896 32.3499
895 32.3169
894 32.2896
893 32.2711
892 32.2631
891 32.2656
890 32.2787
889 32.3024
888 32.3367
887 32.3816
886 32.4366
885 32.4996
884 32.5683
883 32.6403
882 32.7133
881 32.7850
880 32.8532
879 32.9162
878 32.9730
877 33.0222
876 33.0627
875 33.0933
874 33.1128
873 33.1207
872 33.1175
871 33.1039
870 33.0803
869 33.0475
868 33.0060
867 32.9572
866 32.9042
865 32.8505
864 32.7997
863 32.7553
862 32.7208
861 32.6988
860 32.6868
859 32.6809
858 32.6768
857 32.6705
856 32.6579
855 32.6363
854 32.6105
853 32.5877
852 32.5751
851 32.5800
850 32.6096
849 32.6691
848 32.7515
847 32.8463
846 32.9426
845 33.0298
844 33.0970
843 33.1375
842 33.1559
841 33.1593
840 33.1547
839 33.1491
838 33.1494
837 33.1585
836 33.1719
835 33.1846
834 33.1913
833 33.1870
832 33.1666
831 33.1307
830 33.0852
829 33.0364
828 32.9906
827 32.9541
826 32.9320
825 32.9234
824 32.9248
823 32.9331
822 32.9449
821 32.9569
820 32.9668
819 32.9744
818 32.9794
817 32.9816
816 32.9810
815 32.9775
814 32.9732
813 32.9713
812 32.9753
811 32.9885
810 33.0142
809 33.0533
808 33.1016
807 33.1547
806 33.2080
805 33.2569
804 33.2975
803 33.3304
802 33.3576
801 33.3811
800 33.4031
799 33.4254
798 33.4477
797 33.4678
796 33.4840
795 33.4942
794 33.4966
793 33.4905
792 33.4768
791 33.4567
790 33.4310
789 33.4008
788 33.3674
787 33.3327
786 33.2988
785 33.2675
784 33.2409
783 33.2205
782 33.2058
781 33.1960
780 33.1905
779 33.1884
778 33.1895
777 33.1955
776 33.2085
775 33.2307
774 33.2639
773 33.3094
772 33.3650
771 33.4280
770 33.4956
769 33.5653
768 33.6335
767 33.6950
766 33.7441
765 33.7749
764 33.7818
763 33.7644
762 33.7311
761 33.6912
760 33.6544
759 33.6294
758 33.6178
757 33.6131
756 33.6086
755 33.5975
754 33.5740
753 33.5398
752 33.5012
751 33.4643
750 33.4356
749 33.4198
748 33.4183
747 33.4317
746 33.4607
745 33.5056
744 33.5641
743 33.6308
742 33.7006
741 33.7683
740 33.8287
739 33.8774
738 33.9102
737 33.9228
736 33.9112
735 33.8774
734 33.8322
733 33.7869
732 33.7528
731 33.7380
730 33.7374
729 33.7426
728 33.7452
727 33.7374
726 33.7188
725 33.6944
724 33.6693
723 33.6484
722 33.6353
721 33.6302
720 33.6330
719 33.6439
718 33.6621
717 33.6839
716 33.7045
715 33.7190
714 33.7235
713 33.7227
712 33.7267
711 33.7457
710 33.7892
709 33.8558
708 33.9340
707 34.0120
706 34.0781
705 34.1243
704 34.1477
703 34.1460
702 34.1168
701 34.0617
700 33.9919
699 33.9198
698 33.8577
697 33.8124
696 33.7796
695 33.7540
694 33.7300
693 33.7066
692 33.6906
691 33.6899
690 33.7120
689 33.7579
688 33.8180
687 33.8816
686 33.9382
685 33.9853
684 34.0316
683 34.0868
682 34.1603
681 34.2501
680 34.3388
679 34.4080
678 34.4406
677 34.4365
676 34.4072
675 34.3646
674 34.3189
673 34.2738
672 34.2303
671 34.1897
670 34.1535
669 34.1253
668 34.1084
667 34.1065
666 34.1196
665 34.1434
664 34.1732
663 34.2051
662 34.2421
661 34.2925
660 34.3646
659 34.4610
658 34.5663
657 34.6625
656 34.7319
655 34.7699
654 34.7832
653 34.7785
652 34.7617
651 34.7343
650 34.6971
649 34.6509
648 34.5991
647 34.5482
646 34.5045
645 34.4740
644 34.4597
643 34.4638
642 34.4885
641 34.5326
640 34.5903
639 34.6558
638 34.7235
637 34.7896
636 34.8504
635 34.9027
634 34.9462
633 34.9818
632 35.0108
631 35.0311
630 35.0368
629 35.0221
628 34.9844
627 34.9329
626 34.8792
625 34.8340
624 34.8025
623 34.7871
622 34.7898
621 34.8099
620 34.8430
619 34.8844
618 34.9315
617 34.9861
616 35.0501
615 35.1229
614 35.1990
613 35.2719
612 35.3351
611 35.3816
610 35.4046
609 35.3992
608 35.3705
607 35.3263
606 35.2742
605 35.2197
604 35.1679
603 35.1237
602 35.0933
601 35.0835
600 35.1007
599 35.1445
598 35.2096
597 35.2904
596 35.3794
595 35.4685
594 35.5504
593 35.6237
592 35.6903
591 35.7506
590 35.7992
589 35.8286
588 35.8330
587 35.8124
586 35.7688
585 35.7067
584 35.6392
583 35.5807
582 35.5437
581 35.5355
580 35.5626
579 35.6245
578 35.7078
577 35.7983
576 35.8853
575 35.9638
574 36.0296
573 36.0833
572 36.1288
571 36.1681
570 36.1958
569 36.2047
568 36.1924
567 36.1648
566 36.1286
565 36.0933
564 36.0707
563 36.0709
562 36.0958
561 36.1448
560 36.2160
559 36.3043
558 36.4041
557 36.5063
556 36.5991
555 36.6709
554 36.7137
553 36.7212
552 36.6926
551 36.6403
550 36.5793
549 36.5262
548 36.4988
547 36.5079
546 36.5494
545 36.6172
544 36.7014
543 36.7906
542 36.8761
541 36.9541
540 37.0215
539 37.0754
538 37.1125
537 37.1317
536 37.1341
535 37.1215
534 37.0979
533 37.0681
532 37.0400
531 37.0256
530 37.0356
529 37.0731
528 37.1384
527 37.2258
526 37.3227
525 37.4178
524 37.5044
523 37.5768
522 37.6304
521 37.6614
520 37.6667
519 37.6445
518 37.6002
517 37.5492
516 37.5078
515 37.4942
514 37.5242
513 37.6001
512 37.7187
511 37.8627
510 38.0055
509 38.1248
508 38.2039
507 38.2339
506 38.2257
505 38.1941
504 38.1576
503 38.1354
502 38.1383
501 38.1705
500 38.2334
499 38.3246
498 38.4385
497 38.5648
496 38.6897
495 38.7943
494 38.8650
493 38.8988
492 38.8984
491 38.8763
490 38.8469
489 38.8257
488 38.8263
487 38.8568
486 38.9218
485 39.0181
484 39.1379
483 39.2622
482 39.3710
481 39.4495
480 39.4877
479 39.4924
478 39.4769
477 39.4640
476 39.4768
475 39.5243
474 39.6098
473 39.7259
472 39.8609
471 40.0002
470 40.1299
469 40.2381
468 40.3144
467 40.3508
466 40.3528
465 40.3373
464 40.3281
463 40.3507
462 40.4239
461 40.5540
460 40.7187
459 40.8899
458 41.0384
457 41.1433
456 41.1947
455 41.2049
454 41.1994
453 41.2010
452 41.2283
451 41.2911
450 41.3919
449 41.5217
448 41.6694
447 41.8226
446 41.9640
445 42.0742
444 42.1476
443 42.1886
442 42.2142
441 42.2461
440 42.3058
439 42.4043
438 42.5403
437 42.6963
436 42.8526
435 42.9911
434 43.1001
433 43.1787
432 43.2409
431 43.3093
430 43.4057
429 43.5413
428 43.7149
427 43.9136
426 44.1094
425 44.2770
424 44.4020
423 44.4883
422 44.5534
421 44.6269
420 44.7373
419 44.9023
418 45.1060
417 45.3204
416 45.5143
415 45.6674
414 45.7752
413 45.8572
412 45.9420
411 46.0604
410 46.2335
409 46.4609
408 46.7227
407 46.9879
406 47.2202
405 47.3986
404 47.5295
403 47.6480
402 47.7913
401 47.9835
400 48.2275
399 48.5061
398 48.7923
397 49.0572
396 49.2807
395 49.4754
394 49.6724
393 49.9032
392 50.1787
391 50.4917
390 50.8221
389 51.1440
388 51.4384
387 51.7101
386 51.9854
385 52.2971
384 52.6608
383 53.0735
382 53.5173
381 53.9667
380 54.3832
379 54.7490
378 55.0880
377 55.4283
376 55.7799
375 56.1378
374 56.4923
373 56.8275
372 57.1292
371 57.4089
370 57.7006
369 58.0118
368 58.3264
367 58.6225
366 58.8593
365 58.9866
364 59.0022
363 58.9223
362 58.7897
361 58.6331
360 58.4608
359 58.2721
358 58.0578
357 57.8149
356 57.5440
355 57.2698
354 57.0223
353 56.7978
352 56.5935
351 56.4291
350 56.2985
